Generated by GetData Graph Digitizer 2.26.0.20 on November 28 2023, 00:36
from file 'C:\Users\kaicy\Pictures\imx462mc.jpg'

Line #1
 4.02098345065893e+002    4.55363351099083e-001
 4.04671203364908e+002    4.76574776544000e-001
 4.07823443298600e+002    4.97471379665409e-001
 4.11439123404380e+002    5.18053703260419e-001
 4.15517592325717e+002    5.37697530653110e-001
 4.20058850062612e+002    5.56402861843480e-001
 4.24600433477772e+002    5.75420301371811e-001
 4.29026075430343e+002    5.94438283697252e-001
 4.33683274629826e+002    6.13143072090513e-001
 4.38687972538809e+002    6.31534123754484e-001
 4.44502957972848e+002    6.48672942486847e-001
 4.51356857074465e+002    6.61437359313774e-001
 4.58896308925376e+002    6.64523160881264e-001
 4.65960270508368e+002    6.56375233470607e-001
 4.71741385402774e+002    6.41054785055059e-001
 4.76359177532108e+002    6.21994464555077e-001
 4.80047809569404e+002    6.01377944742169e-001
 4.83156082937227e+002    5.80139922238886e-001
 4.86032799058138e+002    5.59215093667783e-001
 4.88561365113019e+002    5.37979785150048e-001
 4.91089931167899e+002    5.16744476632313e-001
 4.93386288619336e+002    4.95198145370836e-001
 4.95566704608185e+002    4.73652356906469e-001
 4.97746794918768e+002    4.51794460104141e-001
 4.99926885229351e+002    4.29936563301813e-001
 5.02106975539934e+002    4.08078666499485e-001
 5.04287391528783e+002    3.86532878035118e-001
 5.06351540376777e+002    3.64675524029899e-001
 5.08531630687360e+002    3.42817627227571e-001
 5.10712046676209e+002    3.21271838763204e-001
 5.12892136986792e+002    2.99413941960876e-001
 5.15072552975641e+002    2.77868153496509e-001
 5.17136701823635e+002    2.56010799491291e-001
 5.19549000737661e+002    2.34463925432704e-001
 5.22657599783750e+002    2.13538011267382e-001
 5.26346557499312e+002    1.93233599792434e-001
 5.30500258100026e+002    1.73863342142930e-001
 5.35583444471042e+002    1.56361392144315e-001
 5.41363908008917e+002    1.40416727052845e-001
 5.47492847291090e+002    1.25094650245969e-001
 5.54087180814945e+002    1.11330943940457e-001
 5.61497338394374e+002    1.01620846448668e-001
 5.69494042530325e+002    9.84623100685064e-002
 5.77728166121970e+002    1.00608529839457e-001
 5.85963266748412e+002    1.03691074624289e-001
 5.94310726376520e+002    1.03339884894445e-001
 6.02421743583731e+002    9.86202640273700e-002
 6.10531458077879e+002    9.26522098084523e-002
 6.18644103676419e+002    8.94931306311808e-002
 6.26761308770679e+002    9.07035681853587e-002
 6.34882422004126e+002    9.56593057950648e-002
 6.42890524879377e+002    1.03424561243526e-001
 6.50437141652133e+002    1.13376746246151e-001
 6.57637236750187e+002    1.24578992991947e-001
 6.64721716063918e+002    1.36093890872812e-001
 6.71922136840237e+002    1.47608245956569e-001
 6.79007267510499e+002    1.59747360513356e-001
 6.85745550827793e+002    1.72824428475353e-001
 6.92484485501618e+002    1.86525713113273e-001
 6.99569941850146e+002    1.98976936008020e-001
 7.07114278875042e+002    2.06744362644920e-001
 7.15233438038896e+002    2.09827450226862e-001
 7.23582851736598e+002    2.11348910524782e-001
 7.31819255076103e+002    2.15679888661457e-001
 7.39249279029739e+002    2.25008399785269e-001
 7.45756005100122e+002    2.38398661679447e-001
 7.51801570746276e+002    2.54287961465748e-001
 7.57268731792549e+002    2.71428408589439e-001
 7.62041546776355e+002    2.89820545847629e-001
 7.66235957160281e+002    3.09463830443210e-001
 7.69619428662618e+002    3.29735131294479e-001
 7.72540111349399e+002    3.50944928348068e-001
 7.74997353864091e+002    3.72469004928055e-001
 7.76875214744106e+002    3.94307903831551e-001
 7.78637134161533e+002    4.16147345532156e-001
 7.80514995041548e+002    4.37986244435651e-001
 7.82160972996387e+002    4.59826228933366e-001
 7.83807276629491e+002    4.81978321769041e-001
 7.85337638800006e+002    5.04130957401826e-001
 7.86636118045344e+002    5.26284678628829e-001
 7.87818655828094e+002    5.48438942652943e-001
 7.88885252148255e+002    5.70593749474165e-001
 7.89835907005828e+002    5.92749099092498e-001
 7.90902503325989e+002    6.14903905913720e-001
 7.92085041108739e+002    6.37058169937833e-001
 7.93383520354077e+002    6.59211891164837e-001
 7.94797941062004e+002    6.81365069594731e-001
 7.96212361769931e+002    7.03518248024626e-001
 7.97626782477858e+002    7.25671426454520e-001
 7.99041203185785e+002    7.47824604884414e-001
 8.00455623893712e+002    7.69977783314308e-001
 8.01985986064227e+002    7.92130418947093e-001
 8.03747905481654e+002    8.13969860647698e-001
 8.05741707824257e+002    8.35808216754084e-001
 8.07851125951184e+002    8.57333921725400e-001
 8.10076811218965e+002    8.79171192237567e-001
 8.12650320874511e+002    9.01006834358406e-001
 8.16034769411646e+002    9.22214460223556e-001
 8.20923525858040e+002    9.40606054684638e-001
 8.27542610930088e+002    9.50562582064138e-001
 8.35078154641811e+002    9.49903083576099e-001
 8.42488963577771e+002    9.40817202760232e-001
 8.49431121489392e+002    9.27051868063392e-001
 8.55908536515861e+002    9.12352379541108e-001
 8.62386277220597e+002    8.97964999356785e-001
 8.68864343603597e+002    8.83889727510423e-001
 8.75342084308333e+002    8.69502347326100e-001
 8.81703557872214e+002    8.54803401600926e-001
 8.87833148510918e+002    8.40105541469971e-001
 8.93613612048793e+002    8.24160876378501e-001
 8.99044948485840e+002    8.06969406326517e-001
 9.04127809178591e+002    7.89155347989941e-001
 9.08745926986190e+002    7.70407135827920e-001
 9.13247451974669e+002    7.51035249787088e-001
 9.17633361178825e+002    7.31976014881326e-001
 9.21787387457804e+002    7.12917865569782e-001
 9.25592937992487e+002    6.93237127973646e-001
 9.29514429989757e+002    6.73555847580400e-001
 9.33784072053060e+002    6.54185047133787e-001
 9.38053714116362e+002    6.34814246687174e-001
 9.42207414717075e+002    6.15443989037670e-001
 9.46825532524674e+002    5.96695776875649e-001
 9.51792126076570e+002    5.78570152998221e-001
 9.56643103844143e+002    5.60757180255864e-001
 9.61610023074305e+002    5.42943664716397e-001
 9.66576942304467e+002    5.25130149176930e-001
 9.71079118649477e+002    5.06382479812019e-001
 9.75349086391045e+002    4.87323787703366e-001
 9.79851588414321e+002    4.68888226676415e-001
 9.84585973362775e+002    4.50451580055246e-001
 9.89204091170374e+002    4.31703367893225e-001
 9.93938476118827e+002    4.13266721272056e-001
 9.98324711001249e+002    3.94519594704254e-001
 1.00143331004734e+003    3.73593680538932e-001

Line #2
 4.03191972682107e+002    5.89787055265973e-002
 4.10601153226739e+002    4.83322830209265e-002
 4.18244496444408e+002    3.98695332867613e-002
 4.26239897867296e+002    3.54625635547566e-002
 4.34702973279727e+002    3.47987226898419e-002
 4.43054015368757e+002    3.78807246775649e-002
 4.50483713644128e+002    4.68971274634168e-002
 4.56064862083396e+002    6.21643817622342e-002
 4.60027389542145e+002    8.18087519520341e-002
 4.62600573519426e+002    1.03332285734912e-001
 4.64478760077707e+002    1.25483292976368e-001
 4.66009122248222e+002    1.47635928609153e-001
 4.67191660030972e+002    1.69790192633266e-001
 4.68258582029399e+002    1.92257107792450e-001
 4.69209236886972e+002    2.14412457410782e-001
 4.70160217422810e+002    2.36879915367075e-001
 4.71226813742971e+002    2.59034722188297e-001
 4.72293735741398e+002    2.81501637347481e-001
 4.73360332061560e+002    3.03656444168704e-001
 4.74542869844310e+002    3.25810708192817e-001
 4.75493524701882e+002    3.47966057811149e-001
 4.76444505237721e+002    3.70433515767442e-001
 4.77511101557882e+002    3.92588322588665e-001
 4.78461756415455e+002    4.14743672206997e-001
 4.79412736951293e+002    4.37211130163290e-001
 4.80479333271454e+002    4.59365936984512e-001
 4.81546255269881e+002    4.81832852143696e-001
 4.82380968664866e+002    5.03988744559137e-001
 4.83447890663293e+002    5.26455659718321e-001
 4.85093868618131e+002    5.48295644216035e-001
 4.86739195216438e+002    5.69511412037829e-001
 4.87457641470568e+002    5.91355738912419e-001
 4.88176413402963e+002    6.13512174124970e-001
 4.89358951185713e+002    6.35666438149084e-001
 4.90889313356229e+002    6.57819073781868e-001
 4.92651232773655e+002    6.79658515482473e-001
 4.94529419331936e+002    7.01809522723930e-001
 4.96638837458863e+002    7.23335227695246e-001
 4.98979812832701e+002    7.44547738734382e-001
 5.01784228378627e+002    7.65445970247119e-001
 5.05399582806142e+002    7.85716185504169e-001
 5.09709934652656e+002    8.05358927302640e-001
 5.15061805592873e+002    8.23124133899362e-001
 5.21684798804109e+002    8.36825961334391e-001
 5.29344100256797e+002    8.43656520160299e-001
 5.37342432784077e+002    8.42058525469940e-001
 5.44753567398303e+002    8.33284752992033e-001
 5.51231308103038e+002    8.18897372807710e-001
 5.56778586002674e+002    8.01705359958617e-001
 5.61512645272861e+002    7.82956604999487e-001
 5.65782287336163e+002    7.63585804552874e-001
 5.69935987936877e+002    7.44215546903370e-001
 5.74089688537591e+002    7.24845289253866e-001
 5.77894913394007e+002    7.04852443319769e-001
 5.81235721043538e+002    6.84237551898189e-001
 5.84460261552215e+002    6.63311094935757e-001
 5.87336651994861e+002    6.42074158026694e-001
 5.89864892371475e+002    6.20526741170998e-001
 5.92045308360324e+002    5.98980952706631e-001
 5.93877574283141e+002    5.77124684295631e-001
 5.95825781668548e+002    5.55267873087522e-001
 5.97774314732219e+002    5.33723170217374e-001
 5.99606580655037e+002    5.11866901806375e-001
 6.01206637974411e+002    4.89699610651633e-001
 6.03038578218963e+002    4.67531233902673e-001
 6.05103052745224e+002    4.45985988235415e-001
 6.06935318668041e+002    4.24129719824416e-001
 6.08535375987416e+002    4.01962428669675e-001
 6.10251700447645e+002    3.80106703055785e-001
 6.12315849295639e+002    3.58249349050566e-001
 6.14844415350519e+002    3.37014040532831e-001
 6.17720805793165e+002    3.15777103623768e-001
 6.21293496367873e+002    2.95161126607969e-001
 6.25679405572030e+002    2.76101891702206e-001
 6.31343276290785e+002    2.59533552731925e-001
 6.38403329734589e+002    2.47640325265740e-001
 6.46398079800945e+002    2.42609138857814e-001
 6.54517564643065e+002    2.46004334777716e-001
 6.61601392600264e+002    2.56895015982661e-001
 6.67415075321241e+002    2.72785401363181e-001
 6.72303831767635e+002    2.91176995824262e-001
 6.76613532257618e+002    3.10195520946812e-001
 6.80691675500690e+002    3.29527240001542e-001
 6.84654528637704e+002    3.49483718529302e-001
 6.88617381774719e+002    3.69440197057063e-001
 6.92464293449145e+002    3.89397218381933e-001
 6.95847764951482e+002    4.09668519233201e-001
 6.99347503594674e+002    4.30251385625321e-001
 7.03541588300334e+002    4.49582561882941e-001
 7.09239003880456e+002    4.65161381722610e-001
 7.16323483194187e+002    4.76676279603476e-001
 7.23985715751267e+002    4.86315813471030e-001
 7.31185485171054e+002    4.97205951878865e-001
 7.37113806641557e+002    5.11847361110433e-001
 7.42002237409685e+002    5.29926847233553e-001
 7.46080706331023e+002    5.49570674626243e-001
 7.49812002221126e+002    5.69840347086184e-001
 7.53543298111229e+002    5.90110019546124e-001
 7.57621767032566e+002    6.09753846938814e-001
 7.61931793200815e+002    6.29084480399325e-001
 7.66241493690798e+002    6.48103005521875e-001
 7.70551194180781e+002    6.67121530644425e-001
 7.74629337423852e+002    6.86453249699155e-001
 7.78707806345190e+002    7.06097077091845e-001
 7.82554718019616e+002    7.26054098416715e-001
 7.85822573737630e+002    7.46638050403054e-001
 7.88743256424411e+002    7.67847847456643e-001
 7.91779880573780e+002    7.89057101713122e-001
 7.95279293538706e+002    8.09327859767281e-001
 7.98894647966221e+002    8.29598075024331e-001
 8.02162829362501e+002    8.50494135348630e-001
 8.05199127833605e+002    8.71391281267149e-001
 8.09391909826202e+002    8.89474024172926e-001
 8.15435521402761e+002    9.03490673931463e-001
 8.22286815078252e+002    9.13758224054705e-001
 8.29825289894366e+002    9.15907700608313e-001
 8.37471564216426e+002    9.10253925915794e-001
 8.44764803298469e+002    8.99608046207232e-001
 8.51707612566621e+002    8.86466928186314e-001
 8.58302271768742e+002    8.73015330218764e-001
 8.65012872433452e+002    8.59563189454103e-001
 8.71839414560750e+002    8.46110505892334e-001
 8.78434073762870e+002    8.32658907924783e-001
 8.85028732964991e+002    8.19207309957233e-001
 8.91157997925430e+002    8.04197341488317e-001
 8.96822194322451e+002    7.87941110855997e-001
 9.02137589296909e+002    7.70750183601122e-001
 9.07220775667925e+002    7.53248233602506e-001
 9.12071427757233e+002    7.35123152522188e-001
 9.16689545564832e+002    7.16374940360168e-001
 9.20842920487280e+002    6.96692574372703e-001
 9.24764086806285e+002    6.76699185641497e-001
 9.28801520266144e+002    6.57017362451142e-001
 9.33071162329446e+002    6.37646562004528e-001
 9.37224862930160e+002    6.18276304355024e-001
 9.41610772134316e+002    5.99217069449262e-001
 9.46461098545358e+002    5.80779880030983e-001
 9.51543959238108e+002    5.62965821694406e-001
 9.56626819930858e+002    5.45151763357830e-001
 9.61825622086197e+002    5.27337162224144e-001
 9.66676599853770e+002    5.09524189481786e-001
 9.71178776198781e+002    4.90776520116875e-001
 9.75448418262083e+002    4.71405719670262e-001
 9.80182803210536e+002    4.52969073049092e-001
 9.85730406788438e+002    4.36089168537960e-001

Line #3
 4.02553643281339e+002    1.13913029790334e-001
 4.07869038255797e+002    9.67221025354596e-002
 4.13300700371110e+002    7.98427408214366e-002
 4.19081163908986e+002    6.38980757299671e-002
 4.25094161728570e+002    4.85765417202000e-002
 4.45591374736811e+002    2.50723412847682e-002
 4.53819310441408e+002    2.12885026344658e-002
 4.62167421426047e+002    2.15615295805427e-002
 4.70401870695958e+002    2.40198576894538e-002
 4.78753564141520e+002    2.77260763530982e-002
 4.86874351696702e+002    3.23697056248436e-002
 4.94996441964947e+002    3.82617682484317e-002
 5.02772987593286e+002    4.63402176290731e-002
 5.10204314259986e+002    5.69171621047284e-002
 5.17520350820628e+002    6.81188660534145e-002
 5.25179977951581e+002    7.52615332172833e-002
 5.33296206011044e+002    7.55356457575792e-002
 5.41872943138203e+002    7.26865037298303e-002
 5.49874858126406e+002    7.45217007570391e-002
 5.55799922814251e+002    8.60420266089999e-002
 5.59877414700791e+002    1.04749528987808e-001
 5.62913713171895e+002    1.25646674906327e-001
 5.65023456977087e+002    1.47484488215603e-001
 5.66437877685014e+002    1.69637666645498e-001
 5.67620415467764e+002    1.91791930669611e-001
 5.68918894713102e+002    2.13945651896615e-001
 5.70101432495852e+002    2.36099915920728e-001
 5.71052413031690e+002    2.58567373877021e-001
 5.71887452104940e+002    2.81035374630423e-001
 5.72722491178190e+002    3.03503375383825e-001
 5.73673471714028e+002    3.25970833340118e-001
 5.74624452249867e+002    3.48438291296411e-001
 5.75459491323117e+002    3.70906292049814e-001
 5.76178588933778e+002    3.93374835600325e-001
 5.76897686544440e+002    4.15843379150837e-001
 5.77848341402012e+002    4.37998728769170e-001
 5.78683380475262e+002    4.60466729522572e-001
 5.79402478085924e+002    4.82935273073084e-001
 5.80121575696585e+002    5.05403816623596e-001
 5.81072230554158e+002    5.27559166241928e-001
 5.81907269627408e+002    5.50027166995330e-001
 5.88224450947154e+002    7.15103709529726e-001
 5.89175105804727e+002    7.37259059148058e-001
 5.90010144877976e+002    7.59727059901461e-001
 5.91192682660726e+002    7.81881323925574e-001
 5.92607103368653e+002    8.04034502355468e-001
 5.94021524076580e+002    8.26187680785362e-001
 5.95668804744481e+002    8.49276098634920e-001
 5.98590138787793e+002    8.71110112364430e-001
 6.03822160126233e+002    8.85130561702733e-001
 6.10664660488550e+002    8.86971186701037e-001
 6.18193690634959e+002    8.80069521453784e-001
 6.25835079783033e+002    8.69734121691855e-001
 6.33359876111988e+002    8.58775048051114e-001
 6.40419603877525e+002    8.46569712246968e-001
 6.47013937401381e+002    8.32806005941457e-001
 6.53376062321793e+002    8.18731276892204e-001
 6.60086662986502e+002    8.05279136127544e-001
 6.67145413717243e+002    7.92137475309517e-001
 6.74786151508786e+002    7.81177858871666e-001
 6.82781552931674e+002    7.76770889139661e-001
 6.90091401605268e+002    7.82042534667094e-001
 6.96134361825296e+002    7.95434967749710e-001
 7.01370291302925e+002    8.13200717143541e-001
 7.06259699105850e+002    8.32216528280544e-001
 7.11264071336567e+002    8.50295471606555e-001
 7.16846522488898e+002    8.66811159257215e-001
 7.23122994025432e+002    8.81763048435414e-001
 7.29630045774080e+002    8.95465418667552e-001
 7.36368329091374e+002    9.08542486629550e-001
 7.43106612408668e+002    9.21619554591548e-001
 7.50076127294607e+002    9.34071320283405e-001
 7.57506802604775e+002    9.44024048083139e-001
 7.65397986982640e+002    9.50853521314828e-001
 7.73519751572619e+002    9.56433475600456e-001
 7.81410935950484e+002    9.63262948832145e-001
 7.89072842829297e+002    9.72590374361738e-001
 7.96503518139465e+002    9.82543102161472e-001
 8.04396656586924e+002    9.91245225420926e-001
 8.12632408569898e+002    9.94951986881679e-001
 8.20513496921526e+002    9.92106101636588e-001
 8.27691771575778e+002    9.82397089739018e-001
 8.34285453743102e+002    9.68009166757585e-001
 8.40414393025274e+002    9.52687089950709e-001
